3 1
1 1


3 2
1 1
2 1


3 3
-1 0
0 1
1 2


1 4
20 0
0 20
-20 0
0 -20


2 5
20 0
6 19
-16 12
-16 -12
6 -19


2 6
20 0
10 17
-10 17
-20 0
-10 -17
10 -17


4 7
2 -1
0 1
2 1
1 -2
1 2
3 0
0 -3


5 8
-2 0
-2 1
-2 3
-2 -2
-2 2
-2 -1
-1 -1
0 0


4 9
20 0
15 13
3 20
-10 17
-19 7
-19 -7
-10 -17
3 -20
15 -13


4 10
20 0
16 12
6 19
-6 19
-16 12
-20 0
-16 -12
-6 -19
6 -19
16 -12


5 11
20 0
17 11
8 18
-3 20
-13 15
-19 6
-19 -6
-13 -15
-3 -20
8 -18
17 -11


7 12
-4 0
-4 -2
-4 1
-3 -3
-4 4
-4 -1
-4 3
-4 -4
-3 3
-4 -3
-4 2
-2 -2


7 13
-1 -2
2 -2
-2 -1
4 -4
1 0
3 -3
0 -2
-1 1
1 -2
1 1
0 0
0 1
1 -1


6 14
20 0
18 9
12 16
4 19
-4 19
-12 16
-18 9
-20 0
-18 -9
-12 -16
-4 -19
4 -19
12 -16
18 -9


7 15
20 0
18 8
13 15
6 19
-2 20
-10 17
-16 12
-20 4
-20 -4
-16 -12
-10 -17
-2 -20
6 -19
13 -15
18 -8

